# file produced by spatt 1.2.1
# Markov model parameters
# alphabet = {acg[ut]:tgca}
# order = 4
# number of lines = 256
# number of parameters = 1024
0.3265782433	0.2419024307	0.1742756304	0.2572436956	
0.2534843206	0.2715394362	0.2778349699	0.1971412734	
0.2676581557	0.3226726331	0.1993945775	0.2102746337	
0.2362859363	0.2755244755	0.2306915307	0.2574980575	
0.2793600000	0.1811657143	0.3056457143	0.2338285714	
0.3113839832	0.1770461328	0.3178415929	0.1937282912	
0.1798254599	0.3524398738	0.2443561273	0.2233785389	
0.1095277130	0.2114256889	0.4451730878	0.2338735103	
0.3308698457	0.1635286527	0.2183119245	0.2872895771	
0.2351306281	0.2655010359	0.3295770377	0.1697912982	
0.1904936551	0.3289811487	0.1876329495	0.2928922468	
0.1934408435	0.2053806792	0.3127616685	0.2884168088	
0.3298096240	0.2295513250	0.1283363628	0.3123026882	
0.3446855391	0.2170330986	0.2514729128	0.1868084495	
0.2523771975	0.2992253815	0.2617468343	0.1866505868	
0.2354856765	0.2106039790	0.2214929018	0.3324174426	
0.3384365994	0.2741954851	0.1347262248	0.2526416907	
0.1984315156	0.3906620463	0.2126573044	0.1982491337	
0.2073928102	0.3606831482	0.2466857757	0.1852382659	
0.1827738454	0.3436821081	0.2033078702	0.2702361763	
0.1888814747	0.2415964634	0.3416465093	0.2278755526	
0.2938524590	0.1524590164	0.3693442623	0.1843442623	
0.1996597832	0.3110214416	0.2628372498	0.2264815254	
0.0914366491	0.1525184138	0.4538352801	0.3022096570	
0.2799971867	0.2591785061	0.1289210859	0.3319032213	
0.2122003862	0.3090613049	0.2379870499	0.2407512590	
0.1756121829	0.3487922171	0.1759991156	0.2995964844	
0.1933997937	0.2442763836	0.1918184943	0.3705053283	
0.2839846743	0.3376245211	0.0390804598	0.3393103448	
0.3128972729	0.2320073816	0.2157063769	0.2393889686	
0.2308783949	0.2581844874	0.3564472718	0.1544898459	
0.1634096266	0.3434719793	0.1303322941	0.3627860999	
0.3517245113	0.2138718934	0.2275163788	0.2068872164	
0.2429107981	0.2384976526	0.3525821596	0.1660093897	
0.3048971687	0.2777829014	0.1963478742	0.2209720557	
0.2470136263	0.2405306441	0.2703643676	0.2420913620	
0.2854314612	0.1971164192	0.3130621907	0.2043899290	
0.3506059576	0.1851285536	0.2789104089	0.1853550799	
0.2160021026	0.2995794849	0.2460388976	0.2383795149	
0.1380784520	0.1984549614	0.4136353409	0.2498312458	
0.3736067766	0.1390994204	0.1736067766	0.3136870263	
0.2573029689	0.2041850483	0.3476809348	0.1908310481	
0.2366261897	0.3107975057	0.2008532983	0.2517230062	
0.2213576404	0.1937898325	0.2830887802	0.3017637469	
0.3501934510	0.2570538832	0.1592903652	0.2334623007	
0.3321957982	0.1747893783	0.3088407806	0.1841740429	
0.2954244520	0.2754156245	0.2687214948	0.1604384287	
0.1832880770	0.2628363367	0.2498148605	0.3040607257	
0.3544963947	0.2479252642	0.1437123033	0.2538660378	
0.2035272045	0.3564727955	0.2507317073	0.1892682927	
0.2255057727	0.3888359284	0.1394979345	0.2461603644	
0.1429025424	0.3190677966	0.1980402542	0.3399894068	
0.2608790174	0.2243197217	0.2876191166	0.2271821443	
0.2930488869	0.2161719773	0.3003601048	0.1904190310	
0.2186909748	0.3634721196	0.2174591443	0.2003777614	
0.0947238507	0.2409750077	0.3695772910	0.2947238507	
0.3110691641	0.2400174241	0.1513963506	0.2975170611	
0.2097731560	0.3013849906	0.2698661022	0.2189757512	
0.1932631364	0.3609691270	0.1645369045	0.2812308321	
0.1710784314	0.2474789916	0.2243697479	0.3570728291	
0.3320975406	0.2677144797	0.0998903452	0.3002976346	
0.3248576195	0.2320082840	0.2210780648	0.2220560318	
0.2667617689	0.3512601046	0.1805991441	0.2013789824	
0.2015560889	0.2531547573	0.1971820082	0.3481071456	
0.3265035255	0.2497304023	0.2220240564	0.2017420158	
0.2897418323	0.2372401188	0.2968243089	0.1761937400	
0.2534571723	0.3264189886	0.2502579979	0.1698658411	
0.2680013379	0.2495580295	0.2752162072	0.2072244254	
0.2908461538	0.1994615385	0.2615384615	0.2481538462	
0.3636828427	0.1416641813	0.3283200545	0.1663329215	
0.1927454202	0.3911508733	0.2492240278	0.1668796787	
0.1516354971	0.1735143332	0.3811105495	0.2937396202	
0.3107759206	0.2408841781	0.1639262581	0.2844136432	
0.3242637644	0.1976632522	0.3247439181	0.1533290653	
0.2314900836	0.3430948823	0.1731631458	0.2522518884	
0.2249841285	0.1706304634	0.2473995214	0.3569858866	
0.3442915582	0.2182967646	0.1564150242	0.2809966530	
0.3542045455	0.2002651515	0.2750378788	0.1704924242	
0.2800078709	0.2750229568	0.2592811229	0.1856880493	
0.2465515666	0.2057641363	0.2636338723	0.2840504248	
0.3076526479	0.3184797820	0.0872799588	0.2865876114	
0.2159414834	0.3194212876	0.2625719357	0.2020652934	
0.2205684936	0.3905037063	0.1750423160	0.2138854842	
0.1817000000	0.3293000000	0.1911500000	0.2978500000	
0.1604883789	0.2208002354	0.3778317152	0.2408796705	
0.3329192547	0.1714285714	0.2888763411	0.2067758329	
0.1700977079	0.3465863701	0.2859952068	0.1973207153	
0.0919235444	0.1554524362	0.4765219313	0.2761020882	
0.2624818989	0.2566265819	0.1526160045	0.3282755147	
0.2362742706	0.3108376617	0.2163697842	0.2365182835	
0.2659368698	0.2698053418	0.1952755257	0.2689822626	
0.2017394176	0.2456652172	0.2283811306	0.3242142346	
0.2941033138	0.3579434698	0.0311890838	0.3167641326	
0.2679058240	0.1900867410	0.2897149938	0.2522924411	
0.2751862650	0.3123987690	0.2448574668	0.1675574992	
0.1593390381	0.3239893774	0.1721746828	0.3444969017	
0.3249685666	0.2231244761	0.2562866723	0.1956202850	
0.2707681613	0.2489862125	0.3080755417	0.1721700846	
0.2654738878	0.3206963250	0.2253384913	0.1884912959	
0.2642279776	0.2258742989	0.2990349720	0.2108627516	
0.2523196179	0.2002897076	0.3142152449	0.2331754297	
0.3795967123	0.1638747476	0.2898097324	0.1667188078	
0.2266638316	0.3308172089	0.2262385711	0.2162803884	
0.1454823890	0.1566877078	0.4477271878	0.2501027154	
0.3530136023	0.1673897749	0.1577743902	0.3218222326	
0.3556139562	0.1156679000	0.3543690999	0.1743490439	
0.2347542195	0.3300480473	0.1549833682	0.2802143649	
0.2701070212	0.1688422247	0.3010783201	0.2599724339	
0.3438285395	0.2365959229	0.1875174532	0.2320580843	
0.3422745012	0.1617655142	0.2940141813	0.2019458033	
0.2874619598	0.2721850274	0.3001825928	0.1401704200	
0.2393755421	0.2020815265	0.2654359229	0.2931070086	
0.3328926494	0.2925700687	0.1296932840	0.2448439979	
0.2372286779	0.3001534751	0.2860118395	0.1766060075	
0.1615819209	0.4090395480	0.1378531073	0.2915254237	
0.1766561514	0.3076253671	0.2153812684	0.3003372131	
0.2974166667	0.2322500000	0.2080000000	0.2623333333	
0.3213162859	0.1919932928	0.2754139593	0.2112764620	
0.2248391979	0.3581157775	0.2303253878	0.1867196368	
0.1256238817	0.2001130050	0.3166023166	0.3576607967	
0.3137287092	0.2630002052	0.0943977016	0.3288733840	
0.2174344085	0.2581524626	0.2793612577	0.2450518713	
0.2296432381	0.3825411876	0.1459642053	0.2418513690	
0.2020781731	0.1959161481	0.1979097445	0.4040959343	
0.3246872139	0.2633506256	0.1025328044	0.3094293561	
0.2991863729	0.2560308322	0.2445163439	0.2002664510	
0.2503637497	0.3988775722	0.1217002702	0.2290584078	
0.2326504205	0.2559413414	0.2385162821	0.2728919560	
0.3309376140	0.2067858446	0.2201021525	0.2421743889	
0.2970945530	0.1967754576	0.2769411633	0.2291888261	
0.3094110330	0.2757762786	0.2087459930	0.2060666954	
0.2956697460	0.2070438799	0.2571016166	0.2401847575	
0.3128675067	0.1757159221	0.2497136312	0.2617029401	
0.3553299492	0.1345177665	0.3152284264	0.1949238579	
0.2346649203	0.3246561886	0.2436149312	0.1970639598	
0.1622586062	0.1858732158	0.3617758186	0.2900923594	
0.3566308244	0.1325311487	0.1803208739	0.3305171531	
0.3350801480	0.1625308261	0.3093403206	0.1930487053	
0.2882905138	0.2929841897	0.1747776680	0.2439476285	
0.2320413437	0.1854263566	0.2441343669	0.3383979328	
0.3762459291	0.1857791375	0.1470443107	0.2909306227	
0.2933577406	0.2172594142	0.2864539749	0.2029288703	
0.2942653830	0.2748201986	0.2419422352	0.1889721831	
0.2409269367	0.1719333525	0.2495451499	0.3375945609	
0.3360449638	0.2541783760	0.1432110635	0.2665655968	
0.2176308540	0.3266666667	0.2412672176	0.2144352617	
0.2328381763	0.3147277780	0.2680709458	0.1843630999	
0.1792022135	0.3261701637	0.1920221351	0.3026054877	
0.1756195748	0.1854006793	0.4082589005	0.2307208454	
0.2843803595	0.1826843677	0.3496157022	0.1833195706	
0.2155579662	0.3384190083	0.2296952094	0.2163278161	
0.0861363232	0.1378655751	0.5094026221	0.2665954796	
0.2909377463	0.2146178093	0.1448384555	0.3496059890	
0.2668548134	0.2441631745	0.2666552638	0.2223267482	
0.1939630882	0.3429134968	0.1944914060	0.2686320090	
0.2095341531	0.2255924906	0.2442108530	0.3206625034	
0.3152337858	0.3054298643	0.0325226244	0.3468137255	
0.3198137299	0.1989634971	0.2563467027	0.2248760703	
0.2398192524	0.2411611666	0.3546487745	0.1643708065	
0.1726499169	0.2875988117	0.1576456372	0.3821056342	
0.3166337611	0.2030602172	0.2756663376	0.2046396841	
0.2645239539	0.1719830200	0.3577926016	0.2057004245	
0.3261073476	0.2700364773	0.1665450756	0.2373110995	
0.2365585456	0.2260595679	0.2857379676	0.2516439189	
0.3219469606	0.1690858161	0.2716723053	0.2372949180	
0.3035558030	0.1702330761	0.2565428367	0.2696682841	
0.2669836760	0.2449766592	0.2553277857	0.2327118791	
0.1574879227	0.1221369707	0.4233020745	0.2970730321	
0.3570856685	0.1185837559	0.1723156303	0.3520149453	
0.2905966150	0.1358557146	0.3682284519	0.2053192185	
0.3050808579	0.3188439041	0.1669916275	0.2090836105	
0.2695389143	0.1536134729	0.2794310007	0.2974166122	
0.3681754550	0.1907372842	0.1699136724	0.2711735884	
0.4023576512	0.1078736655	0.3125741400	0.1771945433	
0.3185745605	0.2508274943	0.2491510123	0.1814469329	
0.2449279624	0.1707340978	0.2492404195	0.3350975203	
0.3379773535	0.2302952931	0.1438166075	0.2879107460	
0.2245762712	0.2728481223	0.2755898970	0.2269857095	
0.2412443128	0.3443021902	0.1642154269	0.2502380700	
0.1404054978	0.2799757005	0.2183916774	0.3612271243	
0.1772351534	0.2092125299	0.3406025669	0.2729497498	
0.3173239777	0.1623518026	0.3415194774	0.1788047423	
0.2349568541	0.3204957433	0.2346672844	0.2098801181	
0.0938834951	0.1389320388	0.4913592233	0.2758252427	
0.3256521967	0.2059209490	0.1467114587	0.3217153955	
0.2187552237	0.2670641333	0.2714102636	0.2427703795	
0.2085362517	0.3134336525	0.1685909713	0.3094391245	
0.1943932128	0.2103467355	0.2395794910	0.3556805607	
0.3300692894	0.2367290843	0.1220866976	0.3111149287	
0.3134650506	0.2282915491	0.2403010681	0.2179423322	
0.2767689704	0.3167909253	0.1995151626	0.2069249417	
0.1975161687	0.2272348530	0.2325913582	0.3426576201	
0.3016165245	0.2275707229	0.2373147732	0.2334979793	
0.2176015474	0.2773921948	0.3383206281	0.1666856298	
0.2028245192	0.3512620192	0.2303685897	0.2155448718	
0.2154056614	0.2618120593	0.2845417237	0.2382405556	
0.2500234368	0.1977125715	0.3178025687	0.2344614231	
0.2429194533	0.1977900552	0.3912765339	0.1680139575	
0.1675058506	0.3851499894	0.2530316999	0.1943124601	
0.1074419042	0.2095211215	0.4374823596	0.2455546147	
0.3095032024	0.1715423230	0.2404362126	0.2785182621	
0.1959268339	0.2720158401	0.3699792570	0.1620780690	
0.1336394393	0.3438859352	0.2129047849	0.3095698405	
0.1859565605	0.2142219578	0.3171675097	0.2826539720	
0.3196035242	0.2011013216	0.1844713656	0.2948237885	
0.2709442979	0.2168350839	0.3168898402	0.1953307780	
0.2446404136	0.2939790178	0.2744412346	0.1869393340	
0.1952301455	0.2455521107	0.2715478178	0.2876699261	
0.2693282309	0.3164916999	0.1234938201	0.2906862492	
0.1501417918	0.3843608865	0.2540699506	0.2114273711	
0.1728630571	0.3609465054	0.2765646562	0.1896257813	
0.1577195568	0.3726403880	0.2072179164	0.2624221387	
0.0751201219	0.2287003399	0.4661900856	0.2299894527	
0.2355834928	0.2369499863	0.3375239136	0.1899426073	
0.1128459901	0.3261178141	0.3807073575	0.1803288384	
0.0533537962	0.2066443983	0.5142186513	0.2257831543	
0.2299281879	0.2622759915	0.1557223265	0.3520734942	
0.1489028213	0.3729231975	0.2496865204	0.2284874608	
0.1186703945	0.3924821373	0.1729108419	0.3159366263	
0.1666325765	0.2973341515	0.2178359583	0.3181973137	
0.2098787769	0.3998552560	0.0284060069	0.3618599602	
0.2180250108	0.2670116429	0.2343251401	0.2806382061	
0.1925410337	0.3031557165	0.3511733998	0.1531298500	
0.1224907825	0.3743196582	0.1429741909	0.3602153684	
0.3230907037	0.2157572925	0.2423180278	0.2188339759	
0.1966092573	0.2978471475	0.3391280947	0.1664155005	
0.2171643707	0.3471378455	0.1744673569	0.2612304270	
0.1983156061	0.2012923367	0.3395288053	0.2608632519	
0.2589443854	0.1926015890	0.3229087597	0.2255452659	
0.3060580793	0.1657542689	0.3711343944	0.1570532574	
0.1590684433	0.3683523783	0.2628998458	0.2096793326	
0.0929769438	0.1913528344	0.5117936009	0.2038766208	
0.3617021277	0.1496553791	0.1810008990	0.3076415942	
0.2710286375	0.1194940285	0.4101065879	0.1993707461	
0.1945377211	0.3226624879	0.2172225953	0.2655771957	
0.1755552767	0.2019910486	0.3596436190	0.2628100556	
0.2892429528	0.2501178467	0.2040162157	0.2566229848	
0.2749373243	0.1693382967	0.3651143356	0.1906100433	
0.2261106781	0.3036632892	0.3035074045	0.1667186282	
0.1698737084	0.2495063146	0.2894144661	0.2912055109	
0.2756636959	0.2710897345	0.1529212053	0.3003253643	
0.1705229444	0.3546855155	0.2669390911	0.2078524491	
0.1640771497	0.4445486204	0.1536297884	0.2377444415	
0.1319513744	0.3424657534	0.2067948834	0.3187879888	
0.2037143625	0.2385556963	0.3047081846	0.2530217566	
0.3019304243	0.1930927006	0.2992157651	0.2057611100	
0.1891435588	0.3759336949	0.2206077970	0.2143149494	
0.0921626335	0.2253106606	0.3733921953	0.3091345106	
0.2782528073	0.1694653343	0.1784279386	0.3738539199	
0.1880332491	0.3276941668	0.2440587352	0.2402138489	
0.0990851409	0.4019477645	0.1604692342	0.3384978604	
0.1623547730	0.2458378249	0.2246975686	0.3671098335	
0.2631908145	0.2796318635	0.1078050306	0.3493722915	
0.3090802834	0.2320476295	0.2272627657	0.2316093214	
0.2184791496	0.3744071954	0.1726492232	0.2344644317	
0.1910752900	0.2577438288	0.2239321520	0.3272487293	
# end of file
