# file produced by spatt 1.2.1
# Markov model parameters
# alphabet = {acg[ut]:tgca}
# order = 2
# number of lines = 16
# number of parameters = 64
0.3223843490	0.2444194513	0.1875543848	0.2456418149	
0.2284599980	0.2918117992	0.2854454497	0.1942827532	
0.2380263750	0.3399235739	0.2128158670	0.2092341841	
0.2055942341	0.2791500844	0.2460727070	0.2691829746	
0.2356273585	0.2052935731	0.3223106945	0.2367683739	
0.3181619079	0.1758547960	0.3203704454	0.1856128507	
0.2046268786	0.3337323680	0.2506043211	0.2110364323	
0.1133774745	0.1810252435	0.4359424047	0.2696548773	
0.3124225903	0.2048180148	0.1588979483	0.3238614465	
0.2501178597	0.2421607008	0.2985744834	0.2091469561	
0.2080314803	0.3411009969	0.1758181960	0.2750493268	
0.2060655379	0.2121255986	0.2586656130	0.3231432506	
0.3247672921	0.2481211166	0.1285283613	0.2985832299	
0.3144485141	0.2096173776	0.2683968917	0.2075372166	
0.2590965091	0.2955321982	0.2642169322	0.1811543606	
0.2027441808	0.2469880583	0.2267425077	0.3235252532	
# end of file
