# file produced by spatt 1.2.1
# Markov model parameters
# alphabet = {acg[ut]:tgca}
# order = 3
# number of lines = 64
# number of parameters = 256
0.3225551761	0.2318680915	0.2092651757	0.2363115567	
0.2648882323	0.2475236734	0.2955486668	0.1920394275	
0.2690432230	0.3122820306	0.2151367388	0.2035380075	
0.2518946925	0.2515452738	0.2597626363	0.2367973974	
0.2840527312	0.1870150246	0.2855875983	0.2433446459	
0.3201463343	0.1628903694	0.3375035048	0.1794597914	
0.1940679470	0.3604684493	0.2469322851	0.1985313187	
0.1308533039	0.1956081420	0.4098064775	0.2637320766	
0.3261863973	0.1880927571	0.1915013864	0.2942194592	
0.2873485036	0.2183774425	0.3293841207	0.1648899332	
0.2215352402	0.3313448167	0.1805665297	0.2665534134	
0.2129108736	0.1883990999	0.2731254521	0.3255645745	
0.3461858486	0.2091935256	0.1482173415	0.2964032843	
0.3191152325	0.2119186920	0.2815947090	0.1873713665	
0.2710065846	0.2850678140	0.2566174349	0.1873081665	
0.2296338042	0.2084342550	0.2521643205	0.3097676203	
0.3146944423	0.2856527528	0.1264781894	0.2731746156	
0.1947536366	0.3516202004	0.2461536157	0.2074725472	
0.2106604071	0.3577133370	0.2362331702	0.1953930858	
0.1746444112	0.3429239462	0.1980385789	0.2843930636	
0.1570757555	0.2151071313	0.3964320422	0.2313850710	
0.2845839874	0.1853479853	0.3406174778	0.1894505495	
0.1824877062	0.3295992463	0.2791833264	0.2087297210	
0.0813865863	0.1600364891	0.4897473526	0.2688295720	
0.2690800417	0.2433392540	0.1457610871	0.3418196171	
0.2207787718	0.3039111457	0.2438999092	0.2314101733	
0.1963235379	0.3328729123	0.1868618852	0.2839416647	
0.1957900492	0.2486741389	0.2245762712	0.3309595407	
0.2826184427	0.3408309670	0.0330668062	0.3434837842	
0.2808134229	0.2232934734	0.2473966256	0.2484964781	
0.2367625766	0.2744463555	0.3279402190	0.1608508488	
0.1544419134	0.3301704501	0.1511585893	0.3642290472	
0.3282870625	0.2139435169	0.2503293650	0.2074400556	
0.2392348868	0.2519319656	0.3347644189	0.1740687286	
0.2759448958	0.3055692924	0.1906511245	0.2278346874	
0.2341509630	0.2209102148	0.3036244526	0.2413143696	
0.2816261924	0.1890073728	0.3035468822	0.2258195526	
0.3419917610	0.1693287298	0.3073688060	0.1813107031	
0.2214041454	0.3060140275	0.2476795310	0.2249022960	
0.1321078981	0.1658073676	0.4547435802	0.2473411542	
0.3605174653	0.1467160169	0.1707386515	0.3220278663	
0.2983265324	0.1364277652	0.3742945824	0.1909511200	
0.2366775450	0.3222023371	0.1835772187	0.2575428993	
0.2307371368	0.1815318771	0.3130913447	0.2746396415	
0.3420413123	0.2285085055	0.1794311968	0.2500189854	
0.3391305952	0.1524501577	0.3184559488	0.1899632984	
0.2881407202	0.2714430479	0.2764039506	0.1640122813	
0.2114215841	0.2187583234	0.2646916390	0.3051284535	
0.3235131759	0.2553531480	0.1450361719	0.2760975043	
0.2028255248	0.3269508671	0.2681206267	0.2021029814	
0.2120544727	0.3893110157	0.1518922292	0.2467422824	
0.1434711162	0.3174219441	0.2078435090	0.3312634307	
0.2300709119	0.2265610128	0.2931420141	0.2502260613	
0.3045977011	0.1959198972	0.3017776826	0.1977047191	
0.2154616039	0.3557339801	0.2243549534	0.2044494626	
0.0996358523	0.2090243727	0.3833104990	0.3080292760	
0.3075421303	0.2225389563	0.1399791594	0.3299397540	
0.2075037802	0.2896400370	0.2655724966	0.2372836862	
0.1959690396	0.3658401945	0.1573977285	0.2807930374	
0.1817044968	0.2254903640	0.2197858672	0.3730192719	
0.3081158831	0.2631051316	0.1084732958	0.3203056895	
0.3108161294	0.2372416425	0.2331150787	0.2188271495	
0.2522117571	0.3547775252	0.1760831439	0.2169275739	
0.2037949213	0.2492829893	0.2227057934	0.3242162959	
# end of file
