# file produced by spatt 1.2.1
# Markov model parameters
# alphabet = {acg[ut]:tgca}
# order = 5
# number of lines = 1024
# number of parameters = 4096
0.3538593482	0.2222984563	0.2090909091	0.2147512864	
0.3688550587	0.2369172217	0.0672375515	0.3269901681	
0.3512646954	0.2337014606	0.1521197007	0.2629141432	
0.3178978317	0.1991914737	0.1675854465	0.3153252481	
0.5193699447	0.1375053214	0.1775223499	0.1656023840	
0.5114982578	0.1707317073	0.0571428571	0.2606271777	
0.3356164384	0.1872146119	0.1986301370	0.2785388128	
0.3546296296	0.1388888889	0.2175925926	0.2888888889	
0.3969538315	0.0847215612	0.1494526416	0.3688719657	
0.4128862590	0.1104536489	0.1229454306	0.3537146614	
0.3343782654	0.1180773250	0.2006269592	0.3469174504	
0.2594786730	0.1001184834	0.2126777251	0.4277251185	
0.4869006426	0.1641127039	0.1566979733	0.1922886802	
0.5311077390	0.1836115326	0.0515933232	0.2336874052	
0.3918291551	0.2116991643	0.2311977716	0.1652739090	
0.3627024891	0.1596207033	0.1947846701	0.2828921375	
0.3329875519	0.2506915629	0.1794605809	0.2368603043	
0.1848101266	0.3481012658	0.0620253165	0.4050632911	
0.2215411559	0.1917688266	0.1777583187	0.4089316988	
0.1765209940	0.2802056555	0.1319622965	0.4113110540	
0.4587096774	0.1541935484	0.1806451613	0.2064516129	
0.3672413793	0.2637931034	0.0534482759	0.3155172414	
0.1822429907	0.3084112150	0.1448598131	0.3644859813	
0.2581395349	0.1127906977	0.2139534884	0.4151162791	
0.2981366460	0.0993788820	0.1397515528	0.4627329193	
0.2709923664	0.1259541985	0.0877862595	0.5152671756	
0.1762114537	0.1541850220	0.2555066079	0.4140969163	
0.1815181518	0.1023102310	0.2706270627	0.4455445545	
0.4263100437	0.1462882096	0.1774017467	0.2500000000	
0.3265602322	0.2844702467	0.0580551524	0.3309143687	
0.2943396226	0.2392452830	0.1743396226	0.2920754717	
0.2727740607	0.1744724653	0.1837364900	0.3690169840	
0.3847025496	0.1954674221	0.2113314448	0.2084985836	
0.4136125654	0.2303664921	0.0575916230	0.2984293194	
0.3901408451	0.1774647887	0.1253521127	0.3070422535	
0.3023114355	0.2262773723	0.1636253041	0.3077858881	
0.4453186467	0.1306058222	0.2202989772	0.2037765539	
0.5015105740	0.2296072508	0.0483383686	0.2205438066	
0.2857142857	0.1943793911	0.2037470726	0.3161592506	
0.3684661525	0.0822622108	0.2082262211	0.3410454156	
0.3121468927	0.0847457627	0.1920903955	0.4110169492	
0.4628099174	0.1280991736	0.0909090909	0.3181818182	
0.3201663202	0.0956340956	0.2245322245	0.3596673597	
0.2783083220	0.0900409277	0.2196452933	0.4120054570	
0.4369134515	0.1626694473	0.1751824818	0.2252346194	
0.4378109453	0.2388059701	0.0522388060	0.2711442786	
0.3928955867	0.1819160388	0.2292787944	0.1959095802	
0.3478030704	0.1450502912	0.1926945474	0.3144520911	
0.3763693271	0.2265258216	0.1400625978	0.2570422535	
0.2784313725	0.2954248366	0.0575163399	0.3686274510	
0.2433537832	0.2198364008	0.1574642127	0.3793456033	
0.1841652324	0.2719449225	0.1523235800	0.3915662651	
0.4420849421	0.1550836551	0.1763191763	0.2265122265	
0.3268656716	0.2447761194	0.0626865672	0.3656716418	
0.2311557789	0.2613065327	0.1457286432	0.3618090452	
0.2347729790	0.1650055371	0.1605758583	0.4396456257	
0.4265129683	0.1066282421	0.1152737752	0.3515850144	
0.3142076503	0.1543715847	0.0642076503	0.4672131148	
0.2410926366	0.1947743468	0.1437054632	0.4204275534	
0.1939163498	0.1419518378	0.1178707224	0.5462610900	
0.4741803279	0.1483606557	0.1905737705	0.1868852459	
0.4019607843	0.2629233512	0.0588235294	0.2762923351	
0.3590778098	0.2380403458	0.1786743516	0.2242074928	
0.3106400326	0.1740725642	0.1769262128	0.3383611904	
0.4485549133	0.1878612717	0.1595375723	0.2040462428	
0.3940754039	0.1570915619	0.1086175943	0.3402154399	
0.3352017937	0.2600896861	0.1558295964	0.2488789238	
0.2981132075	0.1481132075	0.1933962264	0.3603773585	
0.5363984674	0.1570881226	0.1302681992	0.1762452107	
0.5300925926	0.1851851852	0.0462962963	0.2384259259	
0.2278481013	0.2025316456	0.3037974684	0.2658227848	
0.3243243243	0.0984555985	0.2046332046	0.3725868726	
0.4018912530	0.0851063830	0.1536643026	0.3593380615	
0.4658385093	0.0745341615	0.0714285714	0.3881987578	
0.4106583072	0.0846394984	0.1755485893	0.3291536050	
0.2376373626	0.0439560440	0.2046703297	0.5137362637	
0.4527845036	0.1234866828	0.2154963680	0.2082324455	
0.4378194208	0.1584327087	0.0664395230	0.3373083475	
0.4035714286	0.1785714286	0.2035714286	0.2142857143	
0.4000000000	0.0951807229	0.2506024096	0.2542168675	
0.3566919192	0.2380050505	0.1654040404	0.2398989899	
0.1961904762	0.2780952381	0.0742857143	0.4514285714	
0.2155477032	0.2014134276	0.1466431095	0.4363957597	
0.1838790932	0.2229219144	0.1460957179	0.4471032746	
0.5011600928	0.1415313225	0.1415313225	0.2157772622	
0.3892617450	0.2147651007	0.0536912752	0.3422818792	
0.1194029851	0.3432835821	0.1940298507	0.3432835821	
0.2361516035	0.1107871720	0.1982507289	0.4548104956	
0.2696629213	0.0786516854	0.1011235955	0.5505617978	
0.2121212121	0.1287878788	0.1136363636	0.5454545455	
0.1612903226	0.1774193548	0.2258064516	0.4354838710	
0.1104294479	0.0981595092	0.2576687117	0.5337423313	
0.4393063584	0.1676300578	0.1387283237	0.2543352601	
0.3674418605	0.2046511628	0.0418604651	0.3860465116	
0.3990498812	0.1900237530	0.1520190024	0.2589073634	
0.2268694550	0.1508238276	0.1888466413	0.4334600760	
0.3333333333	0.1954022989	0.1954022989	0.2758620690	
0.2741935484	0.1935483871	0.0967741935	0.4354838710	
0.1891891892	0.2972972973	0.1351351351	0.3783783784	
0.2548262548	0.2393822394	0.1544401544	0.3513513514	
0.3405797101	0.1594202899	0.1231884058	0.3768115942	
0.4821428571	0.1428571429	0.1607142857	0.2142857143	
0.2222222222	0.2777777778	0.1666666667	0.3333333333	
0.1822222222	0.1066666667	0.1422222222	0.5688888889	
0.2716049383	0.0617283951	0.1604938272	0.5061728395	
0.4680851064	0.0425531915	0.0851063830	0.4042553191	
0.4494382022	0.0786516854	0.1910112360	0.2808988764	
0.2467532468	0.0519480519	0.1688311688	0.5324675325	
0.5312500000	0.1354166667	0.1770833333	0.1562500000	
0.4705882353	0.2352941176	0.0196078431	0.2745098039	
0.4026845638	0.2885906040	0.1342281879	0.1744966443	
0.1734317343	0.1808118081	0.1881918819	0.4575645756	
0.3574603175	0.1923809524	0.1339682540	0.3161904762	
0.2222222222	0.3370370370	0.0537037037	0.3870370370	
0.1965566714	0.2783357245	0.1420373027	0.3830703013	
0.1517165006	0.2469545958	0.1561461794	0.4451827243	
0.4535809019	0.1591511936	0.1246684350	0.2625994695	
0.4141104294	0.2300613497	0.0429447853	0.3128834356	
0.2343750000	0.2656250000	0.1250000000	0.3750000000	
0.2348668281	0.1162227603	0.1041162228	0.5447941889	
0.3794466403	0.0750988142	0.1133069829	0.4321475626	
0.3634651601	0.0922787194	0.0433145009	0.5009416196	
0.3039443155	0.0997679814	0.1461716937	0.4501160093	
0.1673699015	0.1082981716	0.0900140647	0.6343178622	
0.4323232323	0.1494949495	0.1959595960	0.2222222222	
0.4200680272	0.1581632653	0.0510204082	0.3707482993	
0.3784119107	0.1637717122	0.1836228288	0.2741935484	
0.2951289398	0.1432664756	0.1793696275	0.3822349570	
0.4722778891	0.1583166333	0.1750167001	0.1943887776	
0.3593314763	0.2284122563	0.1030640669	0.3091922006	
0.3131935882	0.2564734895	0.1639950678	0.2663378545	
0.2472826087	0.1440217391	0.1752717391	0.4334239130	
0.5189873418	0.1139240506	0.1265822785	0.2405063291	
0.5370370370	0.1666666667	0.0802469136	0.2160493827	
0.2727272727	0.2424242424	0.1212121212	0.3636363636	
0.2844036697	0.0917431193	0.1972477064	0.4266055046	
0.3295880150	0.0842696629	0.1647940075	0.4213483146	
0.4800000000	0.0836363636	0.0909090909	0.3454545455	
0.3201970443	0.1280788177	0.1822660099	0.3694581281	
0.2345132743	0.0641592920	0.1880530973	0.5132743363	
0.4298418972	0.1146245059	0.2717391304	0.1837944664	
0.4698630137	0.2000000000	0.0520547945	0.2780821918	
0.3713850837	0.1826484018	0.2207001522	0.2252663623	
0.3491295938	0.1044487427	0.2117988395	0.3346228240	
0.3435277383	0.1941678521	0.1372688478	0.3250355619	
0.2553648069	0.2296137339	0.1201716738	0.3948497854	
0.2104519774	0.2372881356	0.1822033898	0.3700564972	
0.1742424242	0.2469696970	0.1257575758	0.4530303030	
0.4303797468	0.1455696203	0.0949367089	0.3291139241	
0.4065040650	0.2764227642	0.0243902439	0.2926829268	
0.1428571429	0.3214285714	0.1071428571	0.4285714286	
0.2105263158	0.1710526316	0.1250000000	0.4934210526	
0.3347639485	0.0557939914	0.1244635193	0.4849785408	
0.3774834437	0.1390728477	0.0463576159	0.4370860927	
0.2993630573	0.0700636943	0.1974522293	0.4331210191	
0.1724137931	0.0991379310	0.1637931034	0.5646551724	
0.5240585774	0.1338912134	0.1474895397	0.1945606695	
0.4227272727	0.2545454545	0.0363636364	0.2863636364	
0.3453815261	0.2570281124	0.1265060241	0.2710843373	
0.2155094680	0.1406672678	0.1884580703	0.4553651939	
0.3551724138	0.2034482759	0.1448275862	0.2965517241	
0.3163841808	0.2316384181	0.0960451977	0.3559322034	
0.2664670659	0.2335329341	0.1167664671	0.3832335329	
0.1804281346	0.2262996942	0.1911314985	0.4021406728	
0.4694835681	0.1079812207	0.1690140845	0.2535211268	
0.3773584906	0.3018867925	0.0188679245	0.3018867925	
0.2372881356	0.2881355932	0.1864406780	0.2881355932	
0.2582781457	0.0993377483	0.1920529801	0.4503311258	
0.2734584450	0.0589812332	0.1554959786	0.5120643432	
0.4311926606	0.1284403670	0.1467889908	0.2935779817	
0.3398437500	0.1328125000	0.1875000000	0.3398437500	
0.2040816327	0.0728862974	0.1603498542	0.5626822157	
0.4618556701	0.1381443299	0.1917525773	0.2082474227	
0.4487179487	0.2564102564	0.0576923077	0.2371794872	
0.3561320755	0.1556603774	0.2641509434	0.2240566038	
0.2640801001	0.1714643304	0.1927409262	0.3717146433	
0.3419243986	0.1503436426	0.1417525773	0.3659793814	
0.3532763533	0.3076923077	0.0541310541	0.2849002849	
0.1542372881	0.2118644068	0.1305084746	0.5033898305	
0.1231281198	0.2379367720	0.2063227953	0.4326123128	
0.4939759036	0.1084337349	0.1469879518	0.2506024096	
0.4615384615	0.1648351648	0.0439560440	0.3296703297	
0.1951219512	0.2682926829	0.1463414634	0.3902439024	
0.2142857143	0.1517857143	0.1205357143	0.5133928571	
0.3980295567	0.0768472906	0.1093596059	0.4157635468	
0.3920595533	0.1191066998	0.0446650124	0.4441687345	
0.2549407115	0.1521739130	0.1916996047	0.4011857708	
0.1455479452	0.1250000000	0.1284246575	0.6010273973	
0.4273709484	0.1314525810	0.1968787515	0.2442977191	
0.4337899543	0.1613394216	0.0365296804	0.3683409437	
0.3604651163	0.1686046512	0.1794019934	0.2915282392	
0.2312382739	0.1102251407	0.1946529081	0.4638836773	
0.4235949837	0.1774268463	0.1941477009	0.2048304691	
0.3508620690	0.2413793103	0.0629310345	0.3448275862	
0.2840314136	0.2290575916	0.1858638743	0.3010471204	
0.2451662800	0.2142304718	0.2103634957	0.3302397525	
0.4030837004	0.1453744493	0.2312775330	0.2202643172	
0.4717444717	0.1449631450	0.0737100737	0.3095823096	
0.3076923077	0.3076923077	0.2051282051	0.1794871795	
0.3019891501	0.0994575045	0.2748643761	0.3236889693	
0.4488734835	0.0797227036	0.1663778163	0.3050259965	
0.4669603524	0.1035242291	0.0660792952	0.3634361233	
0.2900302115	0.1027190332	0.1631419940	0.4441087613	
0.2535059331	0.0927723840	0.1812297735	0.4724919094	
0.4653061224	0.1102040816	0.2163265306	0.2081632653	
0.4488549618	0.1603053435	0.0595419847	0.3312977099	
0.3435294118	0.2094117647	0.2211764706	0.2258823529	
0.2703941338	0.1374885426	0.2465627864	0.3455545371	
0.3586762075	0.2164579606	0.1560822898	0.2687835420	
0.2010376135	0.2555123217	0.1037613489	0.4396887160	
0.2350282486	0.1932203390	0.1887005650	0.3830508475	
0.1928702011	0.2531992687	0.1270566728	0.4268738574	
0.4230194320	0.1360239163	0.1330343797	0.3079222720	
0.4015151515	0.1641414141	0.0530303030	0.3813131313	
0.1262135922	0.3786407767	0.0776699029	0.4174757282	
0.2947702060	0.0855784469	0.2187004754	0.4009508716	
0.2516556291	0.0993377483	0.1059602649	0.5430463576	
0.2535211268	0.0915492958	0.0915492958	0.5633802817	
0.1911764706	0.2352941176	0.1323529412	0.4411764706	
0.1467889908	0.0779816514	0.1192660550	0.6559633028	
0.4594594595	0.1299871300	0.1209781210	0.2895752896	
0.4037267081	0.1759834369	0.0248447205	0.3954451346	
0.3446969697	0.1799242424	0.1628787879	0.3125000000	
0.2253066495	0.1459005810	0.1755971595	0.4531956101	
0.4424284717	0.1821353803	0.1772505234	0.1981856246	
0.3785166240	0.2506393862	0.0485933504	0.3222506394	
0.3333333333	0.1333333333	0.1461538462	0.3871794872	
0.2148014440	0.2319494585	0.2364620939	0.3167870036	
0.4355628059	0.1337683524	0.2267536705	0.2039151713	
0.5067264574	0.1614349776	0.0448430493	0.2869955157	
0.2440944882	0.2913385827	0.1259842520	0.3385826772	
0.3644067797	0.0974576271	0.1765536723	0.3615819209	
0.3713733075	0.1179883946	0.1663442940	0.3442940039	
0.5059523810	0.0863095238	0.0684523810	0.3392857143	
0.3511235955	0.1011235955	0.2640449438	0.2837078652	
0.2622739018	0.0891472868	0.2260981912	0.4224806202	
0.4285714286	0.1292517007	0.2018140590	0.2403628118	
0.5135135135	0.1389961390	0.0386100386	0.3088803089	
0.3320895522	0.1791044776	0.2798507463	0.2089552239	
0.2918215613	0.0985130112	0.2639405204	0.3457249071	
0.3975585615	0.1768393270	0.1220719235	0.3035301881	
0.2949946752	0.2502662407	0.0543130990	0.4004259851	
0.2563903950	0.2393493416	0.1378776143	0.3663826491	
0.0743388134	0.2580414582	0.1465332380	0.5210864904	
0.4012539185	0.1765935214	0.1452455590	0.2769070010	
0.4207011686	0.1903171953	0.0500834725	0.3388981636	
0.1796875000	0.3359375000	0.0937500000	0.3906250000	
0.2046109510	0.1599423631	0.1628242075	0.4726224784	
0.4059720457	0.1086404066	0.0940279543	0.3913595934	
0.2865916070	0.1156601842	0.0522006141	0.5455475947	
0.2276843467	0.1435963777	0.1552393273	0.4734799483	
0.1082331175	0.1184088807	0.1609620722	0.6123959297	
0.4342298289	0.1442542787	0.1897310513	0.2317848411	
0.4984771574	0.1370558376	0.0426395939	0.3218274112	
0.3165829146	0.1892797320	0.2060301508	0.2881072027	
0.1701260193	0.1638250556	0.2212750185	0.4447739066	
0.4056179775	0.2119850187	0.1707865169	0.2116104869	
0.3536472761	0.2437673130	0.0627885503	0.3397968606	
0.3374233129	0.2239263804	0.1707566462	0.2678936605	
0.2740916272	0.1777251185	0.1563981043	0.3917851501	
0.4651335312	0.1416913947	0.1728486647	0.2203264095	
0.4380305603	0.2122241087	0.0865874363	0.2631578947	
0.1781818182	0.3272727273	0.2181818182	0.2763636364	
0.3275991025	0.1428571429	0.2423335826	0.2872101720	
0.3862375139	0.0932297447	0.1365149834	0.3840177580	
0.4212121212	0.1015151515	0.1151515152	0.3621212121	
0.3297587131	0.1313672922	0.1983914209	0.3404825737	
0.2426383981	0.1107184923	0.2426383981	0.4040047114	
0.4391111111	0.1395555556	0.1768888889	0.2444444444	
0.4188311688	0.2824675325	0.0470779221	0.2516233766	
0.3418043202	0.1969504447	0.2261753494	0.2350698856	
0.3132743363	0.1775811209	0.2241887906	0.2849557522	
0.3786574871	0.1962134251	0.2065404475	0.2185886403	
0.2191780822	0.3082191781	0.0479452055	0.4246575342	
0.2137931034	0.1724137931	0.1655172414	0.4482758621	
0.1990521327	0.2369668246	0.1658767773	0.3981042654	
0.4492557510	0.1502029770	0.1623815968	0.2381596752	
0.3791469194	0.2748815166	0.1042654028	0.2417061611	
0.2400000000	0.3200000000	0.0533333333	0.3866666667	
0.2680412371	0.1340206186	0.2087628866	0.3891752577	
0.3047619048	0.1333333333	0.0952380952	0.4666666667	
0.4210526316	0.0657894737	0.0789473684	0.4342105263	
0.2702702703	0.0945945946	0.1756756757	0.4594594595	
0.1810344828	0.0775862069	0.2241379310	0.5172413793	
0.4309927361	0.1585956416	0.2179176755	0.1924939467	
0.3018867925	0.3018867925	0.0566037736	0.3396226415	
0.3153846154	0.2230769231	0.1666666667	0.2948717949	
0.2342995169	0.1557971014	0.1859903382	0.4239130435	
0.3787610619	0.1716814159	0.2123893805	0.2371681416	
0.3809523810	0.2761904762	0.0285714286	0.3142857143	
0.3264248705	0.2227979275	0.1398963731	0.3108808290	
0.2783109405	0.1880998081	0.2264875240	0.3071017274	
0.4507269790	0.1389337641	0.1970920840	0.2132471729	
0.4302325581	0.2906976744	0.0232558140	0.2558139535	
0.2439024390	0.3048780488	0.1951219512	0.2560975610	
0.3161033797	0.0934393638	0.1650099404	0.4254473161	
0.3374384236	0.1157635468	0.1970443350	0.3497536946	
0.4459459459	0.0945945946	0.2027027027	0.2567567568	
0.3485477178	0.1618257261	0.2157676349	0.2738589212	
0.2390243902	0.0731707317	0.2390243902	0.4487804878	
0.3802345059	0.1139028476	0.2495812395	0.2562814070	
0.5230769231	0.2000000000	0.0538461538	0.2230769231	
0.4309978769	0.1104033970	0.1868365180	0.2717622081	
0.2767787334	0.1094605160	0.2275215012	0.3862392494	
0.3834196891	0.2215025907	0.1554404145	0.2396373057	
0.3463203463	0.2077922078	0.0389610390	0.4069264069	
0.2570281124	0.1726907631	0.1606425703	0.4096385542	
0.2477064220	0.2133027523	0.1766055046	0.3623853211	
0.4253308129	0.1635160681	0.1710775047	0.2400756144	
0.4489795918	0.2040816327	0.0408163265	0.3061224490	
0.2735042735	0.2735042735	0.1111111111	0.3418803419	
0.2571860817	0.1391830560	0.1588502269	0.4447806354	
0.4009324009	0.1491841492	0.1165501166	0.3333333333	
0.3225806452	0.1612903226	0.0806451613	0.4354838710	
0.2887029289	0.1255230126	0.1882845188	0.3974895397	
0.1945392491	0.1467576792	0.1672354949	0.4914675768	
0.4459556192	0.1675017895	0.1746599857	0.2118826056	
0.2973760933	0.2798833819	0.0553935860	0.3673469388	
0.3307593308	0.1981981982	0.1917631918	0.2792792793	
0.2834718375	0.1348107110	0.1892890120	0.3924284395	
0.4134304207	0.2063106796	0.1650485437	0.2152103560	
0.3687150838	0.1969273743	0.0656424581	0.3687150838	
0.2846975089	0.2491103203	0.1459074733	0.3202846975	
0.2309644670	0.1776649746	0.1776649746	0.4137055838	
0.5087719298	0.1359649123	0.1578947368	0.1973684211	
0.5309734513	0.1327433628	0.0471976401	0.2890855457	
0.2985074627	0.2238805970	0.2537313433	0.2238805970	
0.3384955752	0.1084070796	0.1792035398	0.3738938053	
0.3914893617	0.0978723404	0.1361702128	0.3744680851	
0.4819277108	0.0963855422	0.0682730924	0.3534136546	
0.3076923077	0.0532544379	0.2899408284	0.3491124260	
0.2405857741	0.0502092050	0.1924686192	0.5167364017	
0.4565756824	0.1687344913	0.1166253102	0.2580645161	
0.4961439589	0.1593830334	0.0539845758	0.2904884319	
0.4140350877	0.1192982456	0.2140350877	0.2526315789	
0.3927710843	0.1060240964	0.1951807229	0.3060240964	
0.3902877698	0.2230215827	0.1600719424	0.2266187050	
0.2261306533	0.4020100503	0.0552763819	0.3165829146	
0.1451612903	0.2795698925	0.1935483871	0.3817204301	
0.2377622378	0.2237762238	0.1328671329	0.4055944056	
0.3937500000	0.2093750000	0.1625000000	0.2343750000	
0.5263157895	0.1513157895	0.0394736842	0.2828947368	
0.3142857143	0.2285714286	0.0857142857	0.3714285714	
0.2591093117	0.1214574899	0.2186234818	0.4008097166	
0.2727272727	0.1212121212	0.1515151515	0.4545454545	
0.3658536585	0.1707317073	0.0731707317	0.3902439024	
0.0937500000	0.0000000000	0.2500000000	0.6562500000	
0.1500000000	0.1166666667	0.2166666667	0.5166666667	
0.4897119342	0.1358024691	0.1234567901	0.2510288066	
0.4311926606	0.2568807339	0.0366972477	0.2752293578	
0.4608294931	0.1797235023	0.1428571429	0.2165898618	
0.2903225806	0.1751152074	0.1497695853	0.3847926267	
0.2558139535	0.1627906977	0.2093023256	0.3720930233	
0.1666666667	0.2777777778	0.1111111111	0.4444444444	
0.2352941176	0.4117647059	0.1176470588	0.2352941176	
0.1808510638	0.2021276596	0.1382978723	0.4787234043	
0.3484848485	0.1363636364	0.2575757576	0.2575757576	
0.4523809524	0.1190476190	0.0476190476	0.3809523810	
0.0909090909	0.2727272727	0.2272727273	0.4090909091	
0.1586206897	0.1310344828	0.1103448276	0.6000000000	
0.1666666667	0.2222222222	0.2777777778	0.3333333333	
0.7142857143	0.0000000000	0.1428571429	0.1428571429	
0.3200000000	0.0400000000	0.3200000000	0.3200000000	
0.2153846154	0.1076923077	0.3538461538	0.3230769231	
0.5490196078	0.0784313725	0.1764705882	0.1960784314	
0.5000000000	0.2666666667	0.0666666667	0.1666666667	
0.5000000000	0.1704545455	0.1477272727	0.1818181818	
0.2543352601	0.1618497110	0.2023121387	0.3815028902	
0.3674496644	0.1711409396	0.1879194631	0.2734899329	
0.2894736842	0.2421052632	0.0368421053	0.4315789474	
0.1734693878	0.2244897959	0.0969387755	0.5051020408	
0.1710914454	0.2536873156	0.1592920354	0.4159292035	
0.4082568807	0.2110091743	0.1559633028	0.2247706422	
0.3709677419	0.2661290323	0.0241935484	0.3387096774	
0.3333333333	0.4583333333	0.0000000000	0.2083333333	
0.2587064677	0.1293532338	0.1044776119	0.5074626866	
0.4115044248	0.0995575221	0.0995575221	0.3893805310	
0.3636363636	0.0802139037	0.0481283422	0.5080213904	
0.2341772152	0.0759493671	0.1898734177	0.5000000000	
0.1598513011	0.0929368030	0.0929368030	0.6542750929	
0.3283302064	0.1801125704	0.1744840525	0.3170731707	
0.4313099042	0.1501597444	0.0479233227	0.3706070288	
0.3753501401	0.1008403361	0.1820728291	0.3417366947	
0.3582089552	0.0980810235	0.1609808102	0.3827292111	
0.3537414966	0.1700680272	0.1768707483	0.2993197279	
0.2771084337	0.2289156627	0.1084337349	0.3855421687	
0.2400000000	0.2666666667	0.1200000000	0.3733333333	
0.1826086957	0.1739130435	0.2000000000	0.4434782609	
0.5142857143	0.2000000000	0.1714285714	0.1142857143	
0.5000000000	0.1000000000	0.0333333333	0.3666666667	
0.2307692308	0.3076923077	0.2307692308	0.2307692308	
0.2615384615	0.0923076923	0.1384615385	0.5076923077	
0.4324324324	0.1081081081	0.1891891892	0.2702702703	
0.4600000000	0.1000000000	0.1400000000	0.3000000000	
0.5483870968	0.0322580645	0.2580645161	0.1612903226	
0.1029411765	0.1176470588	0.3823529412	0.3970588235	
0.4807692308	0.1217948718	0.1730769231	0.2243589744	
0.4121621622	0.2702702703	0.0945945946	0.2229729730	
0.2213114754	0.2213114754	0.2213114754	0.3360655738	
0.3529411765	0.1360294118	0.2242647059	0.2867647059	
0.3651685393	0.1573033708	0.1741573034	0.3033707865	
0.3275862069	0.2413793103	0.0862068966	0.3448275862	
0.1406250000	0.2812500000	0.1875000000	0.3906250000	
0.2293577982	0.2201834862	0.1100917431	0.4403669725	
0.4725274725	0.1538461538	0.1208791209	0.2527472527	
0.3428571429	0.3428571429	0.0285714286	0.2857142857	
0.3750000000	0.1250000000	0.0625000000	0.4375000000	
0.1578947368	0.1228070175	0.2631578947	0.4561403509	
0.3809523810	0.0952380952	0.1428571429	0.3809523810	
0.2083333333	0.2916666667	0.0000000000	0.5000000000	
0.1538461538	0.1153846154	0.1538461538	0.5769230769	
0.2368421053	0.1052631579	0.1315789474	0.5263157895	
0.3857142857	0.2000000000	0.2071428571	0.2071428571	
0.2631578947	0.3157894737	0.0789473684	0.3421052632	
0.2755102041	0.1938775510	0.1224489796	0.4081632653	
0.2793733681	0.1932114883	0.1514360313	0.3759791123	
0.3606557377	0.0819672131	0.2950819672	0.2622950820	
0.4666666667	0.1333333333	0.0666666667	0.3333333333	
0.2857142857	0.2000000000	0.1428571429	0.3714285714	
0.1927710843	0.1566265060	0.1686746988	0.4819277108	
0.4655172414	0.1034482759	0.1034482759	0.3275862069	
0.2500000000	0.2500000000	0.2500000000	0.2500000000	
0.2857142857	0.0000000000	0.4285714286	0.2857142857	
0.2000000000	0.1428571429	0.1428571429	0.5142857143	
0.4029850746	0.0597014925	0.2835820896	0.2537313433	
0.6666666667	0.0666666667	0.0666666667	0.2000000000	
0.4400000000	0.1600000000	0.0800000000	0.3200000000	
0.1451612903	0.0483870968	0.2258064516	0.5806451613	
0.3106796117	0.1650485437	0.2330097087	0.2912621359	
0.2333333333	0.2666666667	0.0666666667	0.4333333333	
0.3043478261	0.0869565217	0.3152173913	0.2934782609	
0.2797927461	0.0932642487	0.1658031088	0.4611398964	
0.2580645161	0.2258064516	0.1677419355	0.3483870968	
0.1944444444	0.2500000000	0.0555555556	0.5000000000	
0.2222222222	0.1111111111	0.0925925926	0.5740740741	
0.1568627451	0.2549019608	0.1960784314	0.3921568627	
0.4578313253	0.0361445783	0.2048192771	0.3012048193	
0.0789473684	0.1842105263	0.0526315789	0.6842105263	
0.1250000000	0.1250000000	0.1250000000	0.6250000000	
0.2558139535	0.0930232558	0.0697674419	0.5813953488	
0.3526315789	0.0578947368	0.1421052632	0.4473684211	
0.2352941176	0.0705882353	0.0941176471	0.6000000000	
0.1269841270	0.0793650794	0.1587301587	0.6349206349	
0.1578947368	0.0789473684	0.1973684211	0.5657894737	
0.3412698413	0.1031746032	0.1865079365	0.3690476190	
0.3265306122	0.1156462585	0.0476190476	0.5102040816	
0.2430939227	0.1381215470	0.1712707182	0.4475138122	
0.2985436893	0.1116504854	0.1699029126	0.4199029126	
0.4592774036	0.1439069198	0.1794243723	0.2173913043	
0.3868613139	0.1836982968	0.0437956204	0.3856447689	
0.3122807018	0.1473684211	0.2017543860	0.3385964912	
0.2734912147	0.1191749427	0.2268907563	0.3804430863	
0.3960113960	0.1367521368	0.1908831909	0.2763532764	
0.5089514066	0.1253196931	0.0818414322	0.2838874680	
0.2295081967	0.2622950820	0.1803278689	0.3278688525	
0.3759124088	0.0656934307	0.2171532847	0.3412408759	
0.4984326019	0.0470219436	0.1724137931	0.2821316614	
0.5013054830	0.0548302872	0.0809399478	0.3629242820	
0.3282051282	0.0820512821	0.2000000000	0.3897435897	
0.2433628319	0.0648967552	0.2610619469	0.4306784661	
0.4217506631	0.1246684350	0.1803713528	0.2732095491	
0.3805460751	0.1962457338	0.0358361775	0.3873720137	
0.3493975904	0.1716867470	0.2078313253	0.2710843373	
0.3356643357	0.1128871129	0.1958041958	0.3556443556	
0.3041237113	0.2405498282	0.1804123711	0.2749140893	
0.1728971963	0.2710280374	0.0373831776	0.5186915888	
0.1932367150	0.2173913043	0.1932367150	0.3961352657	
0.1656050955	0.2643312102	0.1242038217	0.4458598726	
0.4267100977	0.1074918567	0.1954397394	0.2703583062	
0.2542372881	0.3898305085	0.0508474576	0.3050847458	
0.1935483871	0.3225806452	0.0322580645	0.4516129032	
0.2619047619	0.1462585034	0.2278911565	0.3639455782	
0.3142857143	0.0857142857	0.2285714286	0.3714285714	
0.2500000000	0.1964285714	0.1071428571	0.4464285714	
0.0000000000	0.0714285714	0.3571428571	0.5714285714	
0.0526315789	0.1754385965	0.1754385965	0.5964912281	
0.3843843844	0.2252252252	0.1531531532	0.2372372372	
0.4000000000	0.2214285714	0.0714285714	0.3071428571	
0.3235294118	0.1691176471	0.1397058824	0.3676470588	
0.1682389937	0.2216981132	0.1509433962	0.4591194969	
0.4416961131	0.1696113074	0.1719670200	0.2167255595	
0.4144736842	0.2434210526	0.0855263158	0.2565789474	
0.3000000000	0.2380952381	0.1523809524	0.3095238095	
0.2727272727	0.1933256617	0.1956271577	0.3383199079	
0.3792372881	0.1377118644	0.2012711864	0.2817796610	
0.5148514851	0.2475247525	0.0396039604	0.1980198020	
0.2127659574	0.1914893617	0.1702127660	0.4255319149	
0.2797427653	0.0884244373	0.1897106109	0.4421221865	
0.3694915254	0.0677966102	0.2237288136	0.3389830508	
0.3636363636	0.1818181818	0.1477272727	0.3068181818	
0.2303030303	0.1575757576	0.2303030303	0.3818181818	
0.2450592885	0.0790513834	0.2233201581	0.4525691700	
0.4147909968	0.1511254019	0.1672025723	0.2668810289	
0.4805194805	0.1558441558	0.0324675325	0.3311688312	
0.3439490446	0.1719745223	0.2420382166	0.2420382166	
0.2798206278	0.1354260090	0.2269058296	0.3578475336	
0.4025000000	0.1591666667	0.1266666667	0.3116666667	
0.2892376682	0.2668161435	0.0582959641	0.3856502242	
0.2535971223	0.2967625899	0.1384892086	0.3111510791	
0.1679790026	0.2611548556	0.1312335958	0.4396325459	
0.3956170704	0.1361014994	0.2018454441	0.2664359862	
0.3682432432	0.2364864865	0.0371621622	0.3581081081	
0.2567567568	0.2837837838	0.0945945946	0.3648648649	
0.2555123217	0.1154345006	0.1919584955	0.4370946822	
0.3902173913	0.0967391304	0.1195652174	0.3934782609	
0.4141689373	0.0953678474	0.0490463215	0.4414168937	
0.2190476190	0.1309523810	0.2023809524	0.4476190476	
0.1916771753	0.0983606557	0.1336696091	0.5762925599	
0.4347133758	0.1406581741	0.1889596603	0.2356687898	
0.5135135135	0.1066856330	0.0497866287	0.3300142248	
0.3677221655	0.1859039837	0.1930541369	0.2533197140	
0.2819801980	0.1263366337	0.1544554455	0.4372277228	
0.4213557820	0.1763402747	0.1803278689	0.2219760744	
0.3875000000	0.1375000000	0.0819444444	0.3930555556	
0.3413654618	0.1834002677	0.1686746988	0.3065595716	
0.2654690619	0.1227544910	0.1586826347	0.4530938124	
0.4445945946	0.0945945946	0.2743243243	0.1864864865	
0.4734177215	0.1265822785	0.0683544304	0.3316455696	
0.2826086957	0.1847826087	0.2282608696	0.3043478261	
0.2789115646	0.0693877551	0.2231292517	0.4285714286	
0.3730407524	0.0642633229	0.2225705329	0.3401253918	
0.3731656184	0.0587002096	0.1844863732	0.3836477987	
0.3567251462	0.0877192982	0.2836257310	0.2719298246	
0.1832298137	0.0621118012	0.2546583851	0.5000000000	
0.3754266212	0.1177474403	0.2184300341	0.2883959044	
0.5298507463	0.1044776119	0.0771144279	0.2885572139	
0.3359173127	0.1550387597	0.2480620155	0.2609819121	
0.3025447691	0.0697455231	0.2554194156	0.3722902922	
0.3952991453	0.1346153846	0.1858974359	0.2841880342	
0.2894736842	0.2894736842	0.0701754386	0.3508771930	
0.2348484848	0.1060606061	0.1439393939	0.5151515152	
0.2357414449	0.2167300380	0.1216730038	0.4258555133	
0.5233333333	0.1166666667	0.1333333333	0.2266666667	
0.4266666667	0.1866666667	0.0666666667	0.3200000000	
0.1944444444	0.2222222222	0.2222222222	0.3611111111	
0.3458646617	0.0451127820	0.2631578947	0.3458646617	
0.2380952381	0.0476190476	0.1190476190	0.5952380952	
0.4193548387	0.0322580645	0.1290322581	0.4193548387	
0.3333333333	0.0476190476	0.1904761905	0.4285714286	
0.1063829787	0.0425531915	0.2127659574	0.6382978723	
0.3519313305	0.1287553648	0.1459227468	0.3733905579	
0.3414634146	0.1829268293	0.0487804878	0.4268292683	
0.3384615385	0.1153846154	0.2384615385	0.3076923077	
0.2211055276	0.0452261307	0.2135678392	0.5201005025	
0.4221748401	0.1321961620	0.2430703625	0.2025586354	
0.4814814815	0.1604938272	0.0123456790	0.3456790123	
0.3480662983	0.1270718232	0.1381215470	0.3867403315	
0.2346570397	0.2003610108	0.2129963899	0.3519855596	
0.4119402985	0.1582089552	0.2417910448	0.1880597015	
0.4909090909	0.0727272727	0.0727272727	0.3636363636	
0.3333333333	0.1203703704	0.2685185185	0.2777777778	
0.3347280335	0.0502092050	0.1882845188	0.4267782427	
0.4134615385	0.0817307692	0.2067307692	0.2980769231	
0.4000000000	0.1090909091	0.1272727273	0.3636363636	
0.3467741935	0.0725806452	0.2903225806	0.2903225806	
0.2057416268	0.0526315789	0.3349282297	0.4066985646	
0.4106463878	0.1406844106	0.1787072243	0.2699619772	
0.5113636364	0.1250000000	0.0227272727	0.3409090909	
0.3386454183	0.1673306773	0.2270916335	0.2669322709	
0.2554347826	0.0611413043	0.2323369565	0.4510869565	
0.4223938224	0.1899613900	0.1220077220	0.2656370656	
0.3387622150	0.2247557003	0.0423452769	0.3941368078	
0.2210834553	0.1713030747	0.1200585652	0.4875549048	
0.1445783133	0.2168674699	0.1411359725	0.4974182444	
0.4581373471	0.1269990593	0.1665098777	0.2483537159	
0.3934010152	0.1395939086	0.0431472081	0.4238578680	
0.3700787402	0.1417322835	0.1338582677	0.3543307087	
0.2316546763	0.0992805755	0.1697841727	0.4992805755	
0.4632352941	0.0759803922	0.1188725490	0.3419117647	
0.4394299287	0.0593824228	0.1235154394	0.3776722090	
0.2313883300	0.1348088531	0.2334004024	0.4004024145	
0.2283609576	0.0791896869	0.1325966851	0.5598526703	
0.4322638146	0.1176470588	0.1862745098	0.2638146168	
0.5100000000	0.1525000000	0.0450000000	0.2925000000	
0.3949579832	0.1932773109	0.1596638655	0.2521008403	
0.3046647230	0.1071428571	0.1552478134	0.4329446064	
0.4402224282	0.1631139944	0.1797961075	0.2168674699	
0.3806818182	0.1250000000	0.0852272727	0.4090909091	
0.3318485523	0.2249443207	0.1314031180	0.3118040089	
0.2507804370	0.1207075963	0.1779396462	0.4505723205	
0.5578512397	0.0950413223	0.1611570248	0.1859504132	
0.4898989899	0.0959595960	0.0454545455	0.3686868687	
0.2771084337	0.2289156627	0.1445783133	0.3493975904	
0.3606965174	0.0796019900	0.1467661692	0.4129353234	
0.3854166667	0.0416666667	0.1284722222	0.4444444444	
0.4622950820	0.0557377049	0.0885245902	0.3934426230	
0.3250000000	0.0583333333	0.2666666667	0.3500000000	
0.2297297297	0.0386100386	0.1698841699	0.5617760618	
0.4127516779	0.1375838926	0.1040268456	0.3456375839	
0.4846153846	0.0871794872	0.0717948718	0.3564102564	
0.3217821782	0.1534653465	0.1930693069	0.3316831683	
0.3997113997	0.0735930736	0.2034632035	0.3232323232	
0.3813333333	0.1893333333	0.1573333333	0.2720000000	
0.1637931034	0.2241379310	0.0862068966	0.5258620690	
0.1894736842	0.2315789474	0.1473684211	0.4315789474	
0.1849315068	0.1472602740	0.1095890411	0.5582191781	
0.4803149606	0.1259842520	0.1653543307	0.2283464567	
0.4864864865	0.1216216216	0.0540540541	0.3378378378	
0.2222222222	0.1111111111	0.0555555556	0.6111111111	
0.2150537634	0.0860215054	0.2473118280	0.4516129032	
0.2222222222	0.0555555556	0.1666666667	0.5555555556	
0.3809523810	0.0476190476	0.0952380952	0.4761904762	
0.3333333333	0.2222222222	0.1111111111	0.3333333333	
0.2000000000	0.0000000000	0.1333333333	0.6666666667	
0.3478260870	0.1956521739	0.1304347826	0.3260869565	
0.4230769231	0.1923076923	0.0576923077	0.3269230769	
0.4155844156	0.1948051948	0.1558441558	0.2337662338	
0.2565217391	0.0608695652	0.1652173913	0.5173913043	
0.3658536585	0.1382113821	0.2032520325	0.2926829268	
0.2666666667	0.0333333333	0.0666666667	0.6333333333	
0.2181818182	0.2000000000	0.2181818182	0.3636363636	
0.2150537634	0.2096774194	0.2311827957	0.3440860215	
0.5357142857	0.1339285714	0.1339285714	0.1964285714	
0.5094339623	0.2641509434	0.0377358491	0.1886792453	
0.2500000000	0.2000000000	0.2500000000	0.3000000000	
0.1532846715	0.1094890511	0.1678832117	0.5693430657	
0.3600000000	0.0666666667	0.1866666667	0.3866666667	
0.3809523810	0.0952380952	0.0476190476	0.4761904762	
0.2000000000	0.1000000000	0.3000000000	0.4000000000	
0.2500000000	0.0378787879	0.2348484848	0.4772727273	
0.5500000000	0.1250000000	0.2125000000	0.1125000000	
0.4285714286	0.2000000000	0.0285714286	0.3428571429	
0.4761904762	0.1190476190	0.1904761905	0.2142857143	
0.2980392157	0.1372549020	0.2117647059	0.3529411765	
0.3756388416	0.1959114140	0.1294718910	0.2989778535	
0.2876712329	0.1883561644	0.0582191781	0.4657534247	
0.2051948052	0.1896103896	0.1090909091	0.4961038961	
0.1336206897	0.2478448276	0.1056034483	0.5129310345	
0.4296875000	0.1406250000	0.1914062500	0.2382812500	
0.3376623377	0.1363636364	0.0324675325	0.4935064935	
0.1111111111	0.3333333333	0.1111111111	0.4444444444	
0.3216080402	0.1055276382	0.1306532663	0.4422110553	
0.4393939394	0.0432900433	0.1038961039	0.4134199134	
0.3767605634	0.0316901408	0.0211267606	0.5704225352	
0.3000000000	0.0727272727	0.2045454545	0.4227272727	
0.1826086957	0.0579710145	0.1014492754	0.6579710145	
0.3970826580	0.1572123177	0.1588330632	0.2868719611	
0.4477958237	0.1183294664	0.0162412993	0.4176334107	
0.3419689119	0.1416234888	0.1882556131	0.3281519862	
0.3453287197	0.0809688581	0.1391003460	0.4346020761	
0.4614035088	0.1368421053	0.1929824561	0.2087719298	
0.4221453287	0.1141868512	0.1141868512	0.3494809689	
0.2657807309	0.1926910299	0.1760797342	0.3654485050	
0.2460317460	0.1111111111	0.1805555556	0.4623015873	
0.5200000000	0.0866666667	0.1400000000	0.2533333333	
0.4895833333	0.0937500000	0.0729166667	0.3437500000	
0.2916666667	0.0000000000	0.3333333333	0.3750000000	
0.2418300654	0.0784313725	0.1241830065	0.5555555556	
0.3388429752	0.0454545455	0.1570247934	0.4586776860	
0.4226190476	0.0357142857	0.2619047619	0.2797619048	
0.3165467626	0.0431654676	0.2302158273	0.4100719424	
0.1555555556	0.0305555556	0.1750000000	0.6388888889	
0.3840399002	0.0698254364	0.2917705736	0.2543640898	
0.4475920680	0.0821529745	0.0849858357	0.3852691218	
0.2906976744	0.1744186047	0.2500000000	0.2848837209	
0.3607681756	0.0521262003	0.2427983539	0.3443072702	
0.3636363636	0.1101928375	0.1818181818	0.3443526171	
0.3085106383	0.1063829787	0.0744680851	0.5106382979	
0.2653061224	0.2108843537	0.1428571429	0.3809523810	
0.1481481481	0.1810699588	0.1522633745	0.5185185185	
0.4489795918	0.1428571429	0.0816326531	0.3265306122	
0.3437500000	0.0312500000	0.0625000000	0.5625000000	
0.4000000000	0.2000000000	0.0000000000	0.4000000000	
0.1951219512	0.0000000000	0.2926829268	0.5121951220	
0.3191489362	0.1702127660	0.1276595745	0.3829787234	
0.3409090909	0.0909090909	0.0909090909	0.4772727273	
0.2916666667	0.0833333333	0.1666666667	0.4583333333	
0.1666666667	0.0166666667	0.2333333333	0.5833333333	
0.4260355030	0.1420118343	0.1065088757	0.3254437870	
0.4307692308	0.2923076923	0.0615384615	0.2153846154	
0.3406593407	0.1318681319	0.2747252747	0.2527472527	
0.2090032154	0.0578778135	0.2154340836	0.5176848875	
0.3186119874	0.1230283912	0.2082018927	0.3501577287	
0.3783783784	0.2432432432	0.0405405405	0.3378378378	
0.2800000000	0.1200000000	0.1550000000	0.4450000000	
0.2346153846	0.1557692308	0.2096153846	0.4000000000	
0.4964028777	0.0647482014	0.1798561151	0.2589928058	
0.6944444444	0.0833333333	0.0277777778	0.1944444444	
0.3181818182	0.1363636364	0.1818181818	0.3636363636	
0.2900763359	0.0229007634	0.1068702290	0.5801526718	
0.3170731707	0.0418118467	0.2473867596	0.3937282230	
0.3777777778	0.0333333333	0.2000000000	0.3888888889	
0.4122137405	0.0992366412	0.1908396947	0.2977099237	
0.2500000000	0.0220588235	0.2389705882	0.4889705882	
0.4870689655	0.0818965517	0.1853448276	0.2456896552	
0.4696969697	0.1212121212	0.0606060606	0.3484848485	
0.3726415094	0.1273584906	0.2358490566	0.2641509434	
0.3285714286	0.0696428571	0.2214285714	0.3803571429	
0.4042253521	0.1211267606	0.1366197183	0.3380281690	
0.3266331658	0.1507537688	0.0603015075	0.4623115578	
0.2386706949	0.1329305136	0.1389728097	0.4894259819	
0.1229946524	0.1657754011	0.1417112299	0.5695187166	
0.4958333333	0.0625000000	0.1125000000	0.3291666667	
0.3541666667	0.1458333333	0.0416666667	0.4583333333	
0.3870967742	0.1612903226	0.0000000000	0.4516129032	
0.1592356688	0.0764331210	0.1783439490	0.5859872611	
0.4420432220	0.0392927308	0.1119842829	0.4066797642	
0.3597883598	0.0793650794	0.0423280423	0.5185185185	
0.3157894737	0.0858725762	0.2160664820	0.3822714681	
0.1695402299	0.0603448276	0.1350574713	0.6350574713	
0.3670076726	0.1074168798	0.1624040921	0.3631713555	
0.5000000000	0.0681818182	0.0965909091	0.3352272727	
0.3743119266	0.1266055046	0.1981651376	0.3009174312	
0.2251815981	0.0661824052	0.1993543180	0.5092816788	
0.3966535433	0.1643700787	0.1899606299	0.2490157480	
0.3525179856	0.1702637890	0.0503597122	0.4268585132	
0.2957393484	0.1829573935	0.1879699248	0.3333333333	
0.2507492507	0.1298701299	0.2317682318	0.3876123876	
0.4156862745	0.1098039216	0.1921568627	0.2823529412	
0.4072398190	0.1131221719	0.0950226244	0.3846153846	
0.2926829268	0.2926829268	0.1951219512	0.2195121951	
0.2500000000	0.0810810811	0.2533783784	0.4155405405	
0.4040000000	0.0480000000	0.2280000000	0.3200000000	
0.4143426295	0.0517928287	0.1314741036	0.4023904382	
0.2758620690	0.0747126437	0.2356321839	0.4137931034	
0.2778702163	0.0415973378	0.2529118136	0.4276206323	
0.3160621762	0.0880829016	0.2694300518	0.3264248705	
0.4646153846	0.1076923077	0.0461538462	0.3815384615	
0.4473684211	0.1466165414	0.2406015038	0.1654135338	
0.2684659091	0.0667613636	0.2272727273	0.4375000000	
0.3873239437	0.1602112676	0.1866197183	0.2658450704	
0.1794871795	0.2478632479	0.0769230769	0.4957264957	
0.2738853503	0.1592356688	0.1656050955	0.4012738854	
0.2029411765	0.1764705882	0.1735294118	0.4470588235	
0.4021164021	0.1534391534	0.1375661376	0.3068783069	
0.4868421053	0.1973684211	0.0394736842	0.2763157895	
0.3888888889	0.1666666667	0.1666666667	0.2777777778	
0.3426966292	0.0617977528	0.2471910112	0.3483146067	
0.1785714286	0.0714285714	0.2857142857	0.4642857143	
0.3750000000	0.1250000000	0.0833333333	0.4166666667	
0.2631578947	0.1052631579	0.2105263158	0.4210526316	
0.1481481481	0.1296296296	0.3703703704	0.3518518519	
0.4012738854	0.1337579618	0.1592356688	0.3057324841	
0.5051546392	0.1546391753	0.0206185567	0.3195876289	
0.2580645161	0.2150537634	0.1935483871	0.3333333333	
0.1712846348	0.1108312343	0.2292191436	0.4886649874	
0.4582869855	0.1446051168	0.1735261402	0.2235817575	
0.4214285714	0.1285714286	0.1000000000	0.3500000000	
0.3419913420	0.1731601732	0.1688311688	0.3160173160	
0.2586206897	0.1770114943	0.2816091954	0.2827586207	
0.4485981308	0.1370716511	0.1838006231	0.2305295950	
0.4673913043	0.0869565217	0.0326086957	0.4130434783	
0.3125000000	0.2916666667	0.1458333333	0.2500000000	
0.3164835165	0.0703296703	0.2021978022	0.4109890110	
0.3703703704	0.0895061728	0.2407407407	0.2993827160	
0.4066666667	0.0533333333	0.0800000000	0.4600000000	
0.2875536481	0.1030042918	0.3433476395	0.2660944206	
0.2637795276	0.0748031496	0.2500000000	0.4114173228	
0.4357798165	0.1330275229	0.1467889908	0.2844036697	
0.4065040650	0.1463414634	0.0650406504	0.3821138211	
0.3480662983	0.1381215470	0.2209944751	0.2928176796	
