# file produced by spatt 1.2.1
# Markov model parameters
# alphabet = {ABCDEFGHIJKLMNOPQRSTUVWXYZa}
# order = 1
# number of lines = 27
# number of parameters = 729
0.1103646833	0.1938579655	0.0000000000	0.3982725528	0.0000000000	0.0000000000	0.0000000000	0.0000000000	0.0000000000	0.0000000000	0.0000000000	0.0000000000	0.0000000000	0.0000000000	0.0000000000	0.0000000000	0.0000000000	0.0095969290	0.0000000000	0.0000000000	0.0000000000	0.1794625720	0.0000000000	0.0000000000	0.0000000000	0.1084452975	0.0000000000	
0.0140562249	0.2134761267	0.0622489960	0.0673360107	0.0965640339	0.0050423918	0.0000000000	0.0000000000	0.0134315038	0.0000000000	0.0000000000	0.0000000000	0.0000000000	0.0000000000	0.0171798304	0.0014725569	0.2040160643	0.0184292726	0.0358322178	0.0000000000	0.0000000000	0.0775100402	0.0000000000	0.0000000000	0.0000000000	0.1707273539	0.0026773762	
0.0000000000	0.0012413949	0.1346349171	0.1623970207	0.0694052590	0.0022570816	0.1249294662	0.0000000000	0.1049542941	0.0000000000	0.0000000000	0.0090283264	0.0000000000	0.0427716962	0.0420945717	0.0242636271	0.1257194448	0.0429974044	0.0279878118	0.0001128541	0.0095925968	0.0000000000	0.0002257082	0.0076740774	0.0000000000	0.0675995937	0.0001128541	
0.0000000000	0.0000000000	0.0000000000	0.0010969423	0.0142602496	0.0445632799	0.0344165638	0.0000000000	0.0173453997	0.0000000000	0.0000000000	0.0000000000	0.0000000000	0.0000000000	0.1685863156	0.0000000000	0.1083230495	0.0673933909	0.5383244207	0.0000000000	0.0000000000	0.0000000000	0.0002056767	0.0000000000	0.0000000000	0.0051419169	0.0003427945	
0.0013279037	0.1914837110	0.0499291785	0.0334631728	0.0918909348	0.0191218130	0.0672804533	0.0000000000	0.0969369688	0.0000000000	0.0000000000	0.0000000000	0.0000000000	0.0000000000	0.0436437677	0.0087641643	0.1236720963	0.0486012748	0.0610835694	0.0000000000	0.0000000000	0.0098264873	0.0252301700	0.0012393768	0.0000000000	0.1228753541	0.0036296034	
0.0000000000	0.0136000000	0.0178666667	0.0236666667	0.0378000000	0.2851333333	0.0262000000	0.0000000000	0.0488000000	0.0000000000	0.0000000000	0.0000000000	0.0000000000	0.0000000000	0.0784000000	0.0000000000	0.1881333333	0.1094666667	0.1436666667	0.0000000000	0.0074666667	0.0000000000	0.0006666667	0.0000000000	0.0013333333	0.0170666667	0.0007333333	
0.0000000000	0.1149024754	0.0000000000	0.0230800561	0.0613657963	0.0357062045	0.0422229262	0.0000000000	0.3138435082	0.0000000000	0.0008145902	0.0013576504	0.0000000000	0.0065619767	0.0533104041	0.0169706295	0.0964836856	0.0561614699	0.0535366792	0.0000452550	0.0093677875	0.0046160112	0.0079648821	0.0061094266	0.0065167217	0.0884735484	0.0005883152	
0.0252241301	0.3501747455	0.0000000000	0.0115483969	0.0337334752	0.0122321836	0.0283391582	0.0000000000	0.1046953351	0.0000000000	0.0000000000	0.0000000000	0.0000000000	0.0000000000	0.0246163197	0.0063060325	0.0750645799	0.0430785595	0.0664792585	0.0000000000	0.0000000000	0.0838778301	0.0173985716	0.0000000000	0.0000000000	0.1081142683	0.0091171554	
0.0000000000	0.0000000000	0.0000000000	0.0000000000	0.0000000000	0.0394096283	0.0432733174	0.1404837339	0.0000000000	0.1026968550	0.1131288154	0.0768101383	0.0723282590	0.0000000000	0.0000000000	0.1761842207	0.0000000000	0.0000000000	0.0000000000	0.0512325168	0.0294413106	0.0000000000	0.0000000000	0.0191638977	0.1358473070	0.0000000000	0.0000000000	
0.0000000000	0.0000000000	0.0000000000	0.0000000000	0.0000000000	0.0810810811	0.0368683901	0.0762338425	0.0000000000	0.1675969448	0.0815217391	0.0646298472	0.0306991774	0.0227673325	0.0000000000	0.1066392479	0.0000000000	0.0000000000	0.0000000000	0.0261457109	0.1449764982	0.0000000000	0.0000000000	0.0318742656	0.1273501763	0.0016157462	0.0000000000	
0.0000000000	0.0000000000	0.0000000000	0.0000000000	0.0000000000	0.0150977995	0.0961491443	0.1913202934	0.0000000000	0.0000000000	0.1449877751	0.0826405868	0.0036063570	0.0718215159	0.0000000000	0.1627750611	0.0069070905	0.0061735941	0.0000000000	0.0077628362	0.1005501222	0.0000000000	0.0000000000	0.0519559902	0.0575794621	0.0006723716	0.0000000000	
0.0000000000	0.0000000000	0.0000000000	0.0000000000	0.0000000000	0.0174148607	0.1555727554	0.2835397317	0.0000000000	0.0500515996	0.1522187822	0.0000000000	0.0000000000	0.0000000000	0.0000000000	0.1711816305	0.0000000000	0.0000000000	0.0030959752	0.0000000000	0.0687564499	0.0000000000	0.0000000000	0.0000000000	0.0981682147	0.0000000000	0.0000000000	
0.0000000000	0.0000000000	0.0000000000	0.0000000000	0.0000000000	0.0486459378	0.2251755266	0.1068204614	0.0000000000	0.0932798395	0.1414242728	0.0000000000	0.0000000000	0.0000000000	0.0000000000	0.2402206620	0.0000000000	0.0000000000	0.0000000000	0.0000000000	0.0827482447	0.0000000000	0.0000000000	0.0000000000	0.0616850552	0.0000000000	0.0000000000	
0.0000000000	0.0000000000	0.0000000000	0.0000000000	0.0000000000	0.0287817938	0.0722891566	0.2313699241	0.0000000000	0.0774207943	0.1985720660	0.0000000000	0.0000000000	0.0000000000	0.0000000000	0.1764837126	0.0000000000	0.0000000000	0.0000000000	0.0000000000	0.0834448907	0.0000000000	0.0000000000	0.0000000000	0.1316376618	0.0000000000	0.0000000000	
0.0004221636	0.1387862797	0.0326121372	0.0523482850	0.0701846966	0.0000000000	0.0724010554	0.0000000000	0.1549340369	0.0000000000	0.0000000000	0.0000000000	0.0000000000	0.0000000000	0.0000000000	0.0372559367	0.1200000000	0.0673350923	0.0506596306	0.0000000000	0.0220580475	0.0230079156	0.0220580475	0.0027440633	0.0000000000	0.1322427441	0.0009498681	
0.0004796694	0.1647479891	0.0304774555	0.0000000000	0.0504390820	0.0287063685	0.0781492141	0.0000000000	0.2274739872	0.0000000000	0.0000000000	0.0000000000	0.0000000000	0.0009962364	0.0249797063	0.0137628219	0.1250830197	0.0830197033	0.0553095712	0.0000000000	0.0000000000	0.0200723194	0.0064201904	0.0009593388	0.0000000000	0.0872629326	0.0016603941	
0.0000000000	0.0000000000	0.0000000000	0.0000000000	0.0000000000	0.0208855472	0.0849345586	0.0808966862	0.0000000000	0.0467372134	0.1609115381	0.1070732387	0.0237166992	0.0367585631	0.0000000000	0.2578204771	0.0000000000	0.0000000000	0.0010210712	0.0297503017	0.0404715492	0.0000000000	0.0000000000	0.0331848139	0.0758377425	0.0000000000	0.0000000000	
0.0000000000	0.0000000000	0.0000000000	0.0000000000	0.0015769317	0.0796350529	0.0722009462	0.0742284298	0.0000000000	0.1682811444	0.0870691597	0.0568821807	0.0094615904	0.0422392431	0.0000000000	0.1095967560	0.0025906736	0.0000000000	0.0024780356	0.0173462492	0.1349403019	0.0000000000	0.0000000000	0.0306375310	0.1045280469	0.0063077270	0.0000000000	
0.0000000000	0.0000000000	0.0000000000	0.0000000000	0.0000000000	0.0144180585	0.1101252610	0.0815501044	0.0000000000	0.0197677453	0.1779097077	0.1120172234	0.0124608559	0.0604775574	0.0126565762	0.1790840292	0.0052844468	0.0000000000	0.0013048017	0.0131784969	0.1002740084	0.0000000000	0.0000000000	0.0396659708	0.0589770355	0.0008481211	0.0000000000	
0.0000000000	0.0000000000	0.0000000000	0.0000000000	0.0000000000	0.0368500757	0.0540131247	0.0943967693	0.0000000000	0.1231701161	0.2241292277	0.0000000000	0.0000000000	0.0000000000	0.0000000000	0.2044422009	0.0000000000	0.0000000000	0.0000000000	0.0000000000	0.0974255427	0.0000000000	0.0000000000	0.0000000000	0.1655729430	0.0000000000	0.0000000000	
0.0000000000	0.0353883527	0.0017070448	0.0111614470	0.0696605607	0.1475937233	0.0479285667	0.0000000000	0.0251460836	0.0000000000	0.0000000000	0.0000000000	0.0000000000	0.0000000000	0.0967763115	0.0000000000	0.1869870659	0.0665747489	0.2816623991	0.0000000000	0.0000000000	0.0000000000	0.0022979450	0.0000000000	0.0000000000	0.0265248506	0.0005909001	
0.0000000000	0.0002201189	0.0431432974	0.1091789566	0.0721989875	0.0000000000	0.0011005943	0.0000000000	0.0127668941	0.0000000000	0.0000000000	0.0000000000	0.0000000000	0.0000000000	0.0427030597	0.0004402377	0.3035439137	0.0233325996	0.1355932203	0.0000000000	0.0000000000	0.0000000000	0.0884877834	0.0000000000	0.0000000000	0.1672903368	0.0000000000	
0.0734463277	0.3381138635	0.0000000000	0.0986527597	0.0169491525	0.0000000000	0.0000000000	0.0000000000	0.0000000000	0.0000000000	0.0000000000	0.0000000000	0.0000000000	0.0000000000	0.0000000000	0.0000000000	0.0065189048	0.0260756193	0.0000000000	0.0000000000	0.0000000000	0.2320730117	0.0000000000	0.0000000000	0.0000000000	0.2016514559	0.0065189048	
0.0000000000	0.0000000000	0.0000000000	0.0000000000	0.0000000000	0.0400000000	0.0208571429	0.1628571429	0.0000000000	0.1265714286	0.2405714286	0.0000000000	0.0000000000	0.0000000000	0.0000000000	0.1422857143	0.0000000000	0.0000000000	0.0000000000	0.0000000000	0.0551428571	0.0000000000	0.0000000000	0.0000000000	0.2117142857	0.0000000000	0.0000000000	
0.0072099262	0.0646378270	0.0513078471	0.0000000000	0.0233903421	0.0116532529	0.0482897384	0.0831656606	0.0281690141	0.0051978538	0.0888665325	0.0242287056	0.0000000000	0.0270791415	0.0073775989	0.1030348759	0.0430918846	0.0247317237	0.0000000000	0.0000000000	0.2133635144	0.0000000000	0.0129107981	0.0240610329	0.0000000000	0.1069751844	0.0012575453	
0.0000000000	0.0000000000	0.1349768383	0.0684202119	0.0973856557	0.0173047229	0.0424365050	0.0000000000	0.0751823652	0.0000000000	0.0000000000	0.0000000000	0.0000000000	0.0085192482	0.0838613492	0.0090517012	0.1634098291	0.0472818274	0.1070230552	0.0001064906	0.0000000000	0.0007454342	0.0331718226	0.0000000000	0.0000000000	0.1067568287	0.0043661147	
0.0000000000	0.1078610603	0.0000000000	0.2925045704	0.0329067642	0.0603290676	0.0054844607	0.0000000000	0.0109689214	0.0000000000	0.0000000000	0.0000000000	0.0000000000	0.0000000000	0.0146252285	0.0000000000	0.0603290676	0.0475319927	0.0164533821	0.0000000000	0.0000000000	0.0073126143	0.0000000000	0.0000000000	0.0000000000	0.1206581353	0.2230347349	
# end of file
