# file produced by spatt 1.2.1
# Markov model parameters
# alphabet = {ARNDCEQGHILKMFPSTWYVXBZ}
# order = 1
# number of lines = 23
# number of parameters = 529
0.1010089311	0.0542549262	0.0356291882	0.0512032405	0.0141931774	0.0659222080	0.0394611463	0.0733166192	0.0209437211	0.0572975982	0.1016643660	0.0556873286	0.0231407725	0.0375405102	0.0434780323	0.0651827969	0.0526479615	0.0102093411	0.0265762849	0.0705718448	0.0000386080	0.0000241863	0.0000072108	
0.0763737840	0.0698513315	0.0399364491	0.0534154531	0.0147389659	0.0692542535	0.0416934643	0.0650915973	0.0245784699	0.0586840856	0.0971846520	0.0597475075	0.0219085089	0.0408564144	0.0453838541	0.0626646790	0.0485010753	0.0117401952	0.0326370494	0.0656801206	0.0000447480	0.0000304900	0.0000028516	
0.0700463780	0.0481741832	0.0494998399	0.0498659221	0.0155255347	0.0601915497	0.0389205513	0.0692172006	0.0223101808	0.0679819944	0.0937486982	0.0612695375	0.0216447845	0.0423222904	0.0564496938	0.0686222814	0.0518775191	0.0121423423	0.0344385419	0.0656531071	0.0000402319	0.0000291040	0.0000285333	
0.0760704297	0.0498982441	0.0388266740	0.0564128343	0.0142201337	0.0726508124	0.0330162920	0.0692274305	0.0207333952	0.0665040492	0.0999134134	0.0558067281	0.0214130225	0.0442809658	0.0494296578	0.0632817431	0.0492369971	0.0128400628	0.0349856390	0.0712116146	0.0000298956	0.0000088580	0.0000011072	
0.0661663001	0.0564777247	0.0413447502	0.0527832272	0.0255831246	0.0565754628	0.0398380207	0.0842775479	0.0281571534	0.0524603008	0.0934633588	0.0527230206	0.0183121972	0.0408396400	0.0547442430	0.0761738924	0.0520998429	0.0133072282	0.0321909973	0.0623654636	0.0000437866	0.0000656800	0.0000070371	
0.0811951163	0.0576705976	0.0455353646	0.0557518150	0.0130876305	0.0878758863	0.0413826354	0.0605925934	0.0213645825	0.0634138430	0.0951388245	0.0722010775	0.0233524179	0.0349996778	0.0361999571	0.0542115834	0.0506697059	0.0106114679	0.0279608956	0.0666931428	0.0000610852	0.0000292146	0.0000008853	
0.0833831631	0.0592640688	0.0408573837	0.0465911056	0.0143794817	0.0675021853	0.0591926262	0.0630565321	0.0240992825	0.0573285137	0.1000485090	0.0605986653	0.0230480551	0.0358434914	0.0484807333	0.0593081951	0.0508374398	0.0118804903	0.0289558809	0.0653012718	0.0000390233	0.0000006004	0.0000033020	
0.0764571532	0.0550529839	0.0384501849	0.0520256735	0.0150608353	0.0613112217	0.0371331548	0.0805388722	0.0237735615	0.0611614933	0.0908179485	0.0627462610	0.0227969163	0.0420791374	0.0410844156	0.0695674299	0.0553483479	0.0125186926	0.0326397680	0.0693742154	0.0000468967	0.0000093793	0.0000054571	
0.0694117556	0.0559477070	0.0386521477	0.0449835486	0.0189073578	0.0527463382	0.0419326074	0.0724554597	0.0331338832	0.0596587722	0.1035882935	0.0477791247	0.0204467856	0.0455893946	0.0621907123	0.0682946624	0.0531097424	0.0123722851	0.0358994771	0.0628322267	0.0000439393	0.0000206773	0.0000031016	
0.0784061045	0.0510912926	0.0469400725	0.0590282027	0.0162677916	0.0664253300	0.0364214183	0.0663297915	0.0230299981	0.0626178083	0.0918247643	0.0600975535	0.0195733853	0.0392545269	0.0492295928	0.0699222012	0.0574529182	0.0100507756	0.0301611397	0.0657705805	0.0000420610	0.0000510741	0.0000116168	
0.0831412064	0.0565313448	0.0413979165	0.0540982287	0.0148062649	0.0662556884	0.0415570073	0.0664519373	0.0234743101	0.0537912439	0.1001448427	0.0605722246	0.0203008623	0.0384956489	0.0508233960	0.0714605267	0.0552235526	0.0104384678	0.0273674189	0.0636178338	0.0000412184	0.0000055368	0.0000033221	
0.0763135897	0.0557481039	0.0473176676	0.0550112637	0.0129743509	0.0779229512	0.0392214309	0.0605699845	0.0211362268	0.0630858875	0.0905460922	0.0787862669	0.0212933206	0.0332032356	0.0447919587	0.0605525741	0.0543710813	0.0100315929	0.0316358993	0.0654306883	0.0000458274	0.0000078047	0.0000022013	
0.0916893699	0.0518017323	0.0446172159	0.0547253448	0.0126118767	0.0667998147	0.0379267752	0.0672351192	0.0220018030	0.0555426613	0.0914094602	0.0648434348	0.0267796931	0.0356541272	0.0469063000	0.0708814169	0.0572993192	0.0089491431	0.0259972407	0.0662145942	0.0000503041	0.0000607633	0.0000024903	
0.0692382108	0.0487104673	0.0431403290	0.0593627066	0.0175257026	0.0612658422	0.0367543051	0.0730800462	0.0239156117	0.0601950296	0.0993300473	0.0530561793	0.0202294820	0.0455228348	0.0436397228	0.0779807397	0.0559497343	0.0127036091	0.0335926734	0.0647427704	0.0000520015	0.0000089658	0.0000029886	
0.0785179037	0.0487137965	0.0379825901	0.0534665596	0.0134086085	0.0752121993	0.0401777212	0.0764121093	0.0235073403	0.0495018741	0.0897740861	0.0509477056	0.0188282065	0.0394325940	0.0620799456	0.0736942112	0.0550628400	0.0117171010	0.0300576369	0.0714171063	0.0000508041	0.0000299425	0.0000071175	
0.0713686610	0.0520188709	0.0404943635	0.0512259321	0.0161542639	0.0595510960	0.0394196451	0.0747312770	0.0231071404	0.0557000505	0.0970463461	0.0548092522	0.0201623356	0.0420137871	0.0514901872	0.0888396893	0.0555277555	0.0118345690	0.0299411629	0.0645042744	0.0000444185	0.0000109311	0.0000039907	
0.0789463673	0.0477851859	0.0389334944	0.0507622770	0.0160153374	0.0596270864	0.0358700443	0.0751446022	0.0229852766	0.0596152803	0.1000229999	0.0510631125	0.0204187735	0.0402800394	0.0575323879	0.0698906935	0.0602545558	0.0118989630	0.0291854179	0.0736918028	0.0000395721	0.0000327946	0.0000039353	
0.0687507817	0.0577802560	0.0484637512	0.0538677200	0.0162838204	0.0570027515	0.0458310752	0.0670071289	0.0247529912	0.0593352649	0.1065952391	0.0603097511	0.0251104765	0.0425313712	0.0375192813	0.0641899779	0.0524158919	0.0165568850	0.0329199150	0.0627193897	0.0000469004	0.0000052112	0.0000041689	
0.0668195662	0.0567453443	0.0447502002	0.0565216459	0.0176893204	0.0608755804	0.0420966073	0.0735940420	0.0244945839	0.0577640683	0.0969724722	0.0537324310	0.0201605250	0.0462545134	0.0459766442	0.0681578594	0.0537737412	0.0127722427	0.0369885676	0.0637719679	0.0000580680	0.0000229934	0.0000070149	
0.0814924028	0.0521091056	0.0406403104	0.0568170735	0.0158553052	0.0671604138	0.0351619701	0.0647426136	0.0213107597	0.0608330091	0.0968443957	0.0577566250	0.0217327392	0.0391081919	0.0484271271	0.0676977028	0.0587194144	0.0109596734	0.0282335482	0.0743485019	0.0000404903	0.0000045772	0.0000040490	
0.0423959549	0.0263192013	0.0207441981	0.0208738493	0.0093348891	0.0228186179	0.0191883832	0.0325424608	0.0138726825	0.0412290937	0.0429145598	0.0303383897	0.0221703617	0.0259302476	0.0302087385	0.0289122261	0.0258005964	0.0055750032	0.0426552574	0.0305976922	0.4629845715	0.0022040710	0.0003889537	
0.0574525745	0.0764227642	0.0108401084	0.0151761518	0.0872628726	0.2357723577	0.0021680217	0.0200542005	0.0081300813	0.1013550136	0.0802168022	0.0097560976	0.0953929539	0.0243902439	0.0460704607	0.0476964770	0.0216802168	0.0037940379	0.0108401084	0.0097560976	0.0016260163	0.0216802168	0.0124661247	
0.0846456693	0.0236220472	0.0098425197	0.0078740157	0.0354330709	0.0275590551	0.0019685039	0.0492125984	0.0157480315	0.1259842520	0.0236220472	0.0629921260	0.0157480315	0.0177165354	0.0452755906	0.0610236220	0.0433070866	0.0177165354	0.1889763780	0.0236220472	0.0000000000	0.0649606299	0.0531496063	
# end of file
